8.373934518449352993e-01 2.545629670596853754e-04 7.126180239416912265e-04 4.719466636566981010e-02 7.284890169684539452e-03 2.162414063877759075e-03 2.013403374850135884e-04 6.908701799695901591e-02 3.968560665766182952e-03 4.105353459454264518e-03 4.480043528613994984e-03 1.166874035838601816e-04 2.184235521070005195e-02 4.703161107027311358e-04 4.873097015828424462e-04 2.384121499832160800e-04
8.249918443921004929e-01 1.658137043599641460e-05 1.132819646465683255e-03 3.574385513128242736e-02 9.810487567236297890e-02 2.483278487142590724e-02 2.001564373660015637e-03 9.380979614662927988e-04 2.585207392063631083e-03 2.339234984118105948e-03 4.796487395698462164e-03 9.440145668053017683e-05 6.491444355592897435e-04 5.801922850411718631e-04 6.985783611156944680e-04 4.943302705233334083e-04
7.856873827850344716e-01 2.069136772310428945e-04 1.781576959358633326e-03 1.271329612501462952e-02 1.166869998546368886e-01 2.337933381385507228e-02 1.110269532353326191e-02 2.047403446859294429e-02 3.028143055402364187e-03 3.855942872700269912e-03 6.738484339007503807e-03 1.014424620368929719e-03 8.322142797469457912e-03 2.564024179360719236e-03 1.171759469781099954e-03 1.272845658652696499e-03
9.873719760561001646e-01 1.590924573677347230e-09 1.502840589473181504e-08 1.173373349530674880e-05 2.391744453913018673e-04 2.814845854557122612e-06 2.630009167600906401e-08 1.517649983917200790e-04 9.070063456618232978e-04 1.129053956970224419e-02 2.616787685251201691e-07 2.434482530261683473e-05 5.894647522998128356e-08 6.705182784277943061e-08 9.645051581035624409e-08 1.181330906496063875e-07
9.997827372113298194e-01 1.756180526583861646e-08 2.851395476348110348e-07 2.872246501717612305e-05 1.903654651282598580e-06 2.833931483175094129e-05 1.178008051457272718e-06 2.544911672955529872e-05 3.961728563381652961e-05 3.064875554480621194e-05 9.377463275812291340e-06 4.659493258069231144e-05 7.062761506039450320e-08 4.026947316223053893e-06 8.586886098817760202e-07 1.728274597688179915e-07
9.950769866857807067e-01 6.539672656026087563e-08 5.109836469160889274e-07 4.701971335259030708e-03 6.272799055428609474e-05 9.316767424225161397e-05 1.839005036892998454e-07 4.904480422909519133e-06 3.863460130743308878e-05 4.362511975791665027e-06 3.082074117466304470e-06 1.340293451430840097e-06 1.360692682328887308e-06 8.191281797928501177e-06 1.230141587840526108e-06 1.279955943355297692e-06
9.603875420199335933e-01 9.930149727355784637e-04 5.443680547004900173e-05 2.793998686687021449e-02 4.317186185705813693e-05 1.200621856273554038e-03 3.475049874359124403e-04 4.518389882215770789e-06 1.700855126667749943e-04 2.597509803484344829e-04 7.302365889162503940e-03 1.052303085711494337e-04 1.183734444494070193e-04 2.463936418940303034e-04 2.230466378706824268e-04 6.039558245786801711e-04
9.974422153079767206e-01 1.447933753851244095e-08 6.144732825724722101e-09 1.794080371278924089e-07 9.808442262730206955e-05 2.018020005357003667e-04 8.437550588838242725e-08 5.606782714204749907e-05 1.121852332835161794e-05 2.728026808224776093e-06 2.178205533718627351e-03 5.427797996068659512e-06 8.177743112114138295e-07 1.456303817873450502e-08 1.727803758966805180e-06 1.406011145278307339e-06
9.186054078800530709e-01 8.847227995453490202e-07 9.765429918739737619e-07 2.250875392184939472e-04 4.499888841758593612e-05 2.974092912253976364e-04 4.142446582664505443e-05 3.176061443130691390e-05 4.183221745759340554e-03 7.616585865355661455e-02 5.230691307391250949e-06 1.953914957051036195e-04 2.065834328744201923e-07 1.572568498254305264e-04 4.472756045115847134e-05 1.564749980811861981e-07
9.911254045984513317e-01 1.621863002668161628e-08 3.170001377049070345e-09 1.923466195739692028e-06 5.235714138664347537e-05 2.996343858209437380e-03 4.196839305970115046e-08 7.048527201202369972e-06 1.280377968940527513e-07 3.358610171185441414e-07 5.354832227011553994e-03 1.977676800615490722e-04 2.181505607647509999e-06 2.970550195271008456e-07 1.623728127380879400e-04 9.894587227888293566e-05
9.840720815963024393e-01 1.048520135192488874e-08 1.726106339738280861e-09 6.080050501011103692e-07 1.254209937415309634e-05 1.546836251031760863e-04 1.531231709374136477e-08 6.095908345181375460e-05 8.520351012684618136e-06 1.202166393884208021e-06 1.566470088590404125e-02 2.603968358148494368e-07 3.495895561946344862e-07 7.636183020746457506e-09 8.359528871119169893e-07 2.322108832080402261e-05
9.260895404973713552e-01 6.491633872279836047e-07 6.026089994087547302e-09 2.309365569656080734e-04 2.245907130714366444e-05 1.283381335937634966e-04 1.660207420162524473e-06 2.584560241358236092e-04 5.627401149930058360e-04 1.946583436832231148e-05 7.056428175180404216e-02 1.189329037229007356e-05 2.136283314360275690e-07 2.369366371183296353e-07 1.102229722995974457e-05 2.098100465992590747e-03
9.479226076591376060e-01 1.069202903638848251e-05 5.213097417679966242e-06 6.066582043826473534e-04 1.122164806543753156e-03 4.252559398311744898e-02 5.296203003226498508e-06 1.321817682505556878e-05 3.929066771867834561e-03 2.646454687585877898e-03 1.035171541561044585e-04 9.187242183498084977e-05 2.858508395522495549e-07 2.690090163851809849e-04 7.455003094659187800e-04 2.849628400850836020e-06
9.998694678784779688e-01 9.899077078287315224e-11 6.278034811676982604e-11 2.060926418528090098e-07 1.272698669233647507e-04 8.879928255998678100e-07 6.915415721663731373e-11 9.123339419628854748e-07 1.458711806730935015e-07 2.539565538021184763e-09 1.026968262421787189e-06 6.042164127107621025e-08 1.237589178210452679e-10 1.261769440357677203e-10 3.198910190936773242e-09 1.635476809832436078e-08
9.880634430537895696e-01 2.354342575318635714e-09 1.126767755290910455e-07 2.235349395202136939e-06 9.898496644017876905e-03 1.491253798422149285e-05 5.777881828068796097e-10 1.793665678764109648e-03 2.008102814443956177e-04 4.511745813972199558e-08 2.002816812642394819e-05 5.646958172894527556e-06 4.463504969594825755e-07 4.716593449769247141e-08 9.190773155667781697e-08 1.517777786470013585e-08
9.999695335976226396e-01 9.409334304957130149e-12 5.822914574558049203e-11 4.126371966743566921e-09 4.763049944144844202e-06 1.196572796948038772e-06 2.805150944391314297e-11 5.967574269561125434e-06 3.886861410391763317e-08 6.602515083031183805e-07 1.739236450103964410e-05 3.897533073213214568e-07 9.835088143445297193e-10 1.118425281049864766e-09 1.608486392198651633e-08 3.555857605616613747e-08
9.999453300787900512e-01 1.719394246308947761e-11 1.885950980872178471e-10 2.488339003291257403e-08 2.057771893159735188e-07 2.875687420612352084e-05 1.321661484527426972e-10 9.086338548733948974e-07 2.432543184278639911e-05 3.750757078046884300e-10 4.105715849900018171e-07 1.497107045461143970e-10 5.562132128515037718e-11 1.521437283726004931e-10 1.538252115265452339e-08 2.129611404297978601e-08
9.971928073433998785e-01 3.468282931895046080e-07 5.667600329634715732e-08 3.037200810147112350e-06 1.602252966528883553e-05 1.657887565659991319e-05 5.234319459171339073e-07 8.096423906963707206e-05 1.439999399385264444e-05 4.718515880890055569e-07 1.330177653099253159e-03 1.074215526265479518e-07 1.854218265885218353e-07 1.662654165356203185e-07 1.932249349288366532e-08 1.344134945185502215e-03
9.981686137861206509e-01 1.140081728789576900e-06 1.596318289928590222e-05 2.205881496518661991e-04 9.618752145276895059e-05 9.770564232110095766e-05 3.166473221190371925e-05 4.926084652118006893e-06 7.569782215248895257e-04 2.016381009209222501e-04 1.127662319648650518e-04 4.003752348833118440e-05 4.277291437223946901e-07 3.741813194890598934e-06 2.400162021759670355e-04 7.604996547802977387e-06
9.854375462642217531e-01 1.178684319882026797e-08 1.188762532511090263e-05 9.974243730412018344e-05 1.379152692851610788e-02 2.652944624217844151e-04 1.161944201481160619e-07 7.503202782888538131e-07 1.909038847358982840e-04 2.138513620306065726e-07 1.066566932749610595e-06 1.945703021069929888e-04 2.325824582049100861e-07 5.163042921252859561e-07 5.614965214017472432e-06 5.523567503060700422e-09
9.580798946291927409e-01 5.178406144492943206e-06 5.230674183587160492e-06 9.748693175262770341e-04 2.198178072936542854e-02 5.568974026855304411e-03 5.261933298741855862e-06 7.430786561932973340e-05 7.042099605938286757e-04 1.664426253206454168e-03 3.163548508920360682e-03 3.727790383943396313e-04 1.173261609647175972e-06 2.758519566964724376e-03 4.522806836692736671e-03 1.170389914318197520e-04
7.631781068073657526e-01 1.033296924523947245e-06 1.376978202889484043e-07 7.194685552766757958e-06 1.735149887333115037e-02 5.641174064319390275e-05 4.286442047331521957e-04 5.856048856477680253e-02 8.957135220993482595e-04 5.561755309955782063e-06 1.574318705172438881e-01 4.548642893040126080e-06 3.022636764519085964e-06 4.913505766908262421e-07 6.030282811000786799e-04 1.472247422864863013e-03
9.771226637685503924e-01 2.842249019220509800e-07 9.254644013393521367e-08 2.110951698116830772e-05 2.149620500058114364e-02 1.261324439869014986e-05 1.864828978922642551e-07 2.860746857158691753e-07 7.845904861819733369e-05 1.313223410346847906e-06 1.158480741000614527e-03 2.011870554518872346e-06 2.293072615330259789e-08 2.608269392960858201e-07 1.045764011639775486e-04 1.434098149985939488e-06
9.996490788479618361e-01 1.071821833992436713e-10 4.977010138987656815e-07 5.093966633251901366e-09 2.048264514743122202e-04 2.821825168431512522e-06 1.490225704394293034e-08 9.902165682009165550e-05 8.607125867360280444e-06 3.017769968052149408e-05 3.323461750282245756e-06 1.189173710110753487e-06 1.213334157855426585e-07 4.057263921855574518e-08 1.244851168924003660e-07 1.495619754435454823e-07
9.997165299781023418e-01 1.467459736598606952e-10 5.546728443166572551e-08 2.861046599832329472e-07 6.679911362432345431e-07 2.558816116400202192e-04 3.405597887412177919e-08 1.267451035238914834e-06 2.281392121775704883e-05 5.247529115418289458e-08 5.473773080143295715e-07 7.360421872460576292e-07 1.640872879728315618e-08 3.645183801175784541e-08 8.372942103325908490e-07 2.372226356825545069e-07
9.816453317415086977e-01 5.553802415900053670e-09 4.154786411079427504e-06 6.665241124375559414e-07 6.337419429479245955e-03 1.536833741787834901e-05 4.741141644726362189e-06 1.192994556129766195e-02 3.495262382091742154e-05 1.654334335691136871e-06 2.803250055536026377e-07 1.270202714252791349e-07 1.394795290725057063e-05 7.161380056528708885e-08 1.002237941499783719e-07 1.123283039019245496e-05
9.988018005851596604e-01 1.960921282120832156e-09 3.808640787055693461e-07 1.530260245247706233e-05 6.833951347016594999e-06 5.225574749487563539e-05 2.718729078558554150e-10 3.692410472603150012e-06 7.513642316428804663e-04 2.093043523973906613e-08 3.553715188941225988e-04 2.644317502565383052e-06 1.438172472243378434e-08 2.986785507008152283e-10 1.016547087758108455e-05 1.504564447349594537e-07
9.985431611036750255e-01 1.260769138803192563e-05 1.457306966546240983e-07 8.003167511606532362e-04 1.169997353929685841e-06 7.869464410034330822e-05 1.158285591147651907e-05 5.832536822395300126e-07 4.967072729888964483e-04 1.746501419477662156e-08 1.309458315472937715e-05 8.583765770399777961e-08 1.947039542442556348e-09 1.202845253667318867e-09 4.008979519398584226e-05 1.739868137389008133e-06
9.994184094936661156e-01 3.286244512113634801e-10 1.818279794001824061e-09 8.831500656653906769e-09 1.141579341465666575e-04 3.063499894311142872e-05 1.184724437802978709e-08 2.597489923563652238e-06 1.432448575997389512e-06 2.713232560626882939e-09 4.312649129662870931e-04 1.493757860627244027e-09 7.660578065548641596e-09 7.257177553829730298e-13 2.379372711064257181e-07 1.230090563695024259e-06
9.838147948586662972e-01 1.418831764568295686e-07 9.502719811733352295e-06 1.828504613475613627e-04 6.330055877080747119e-07 1.195240393288933729e-02 8.724426530005864171e-06 6.321069659532003900e-07 7.954250211608453148e-04 2.072293802880090668e-08 8.285016401981757531e-07 3.235811251723665489e-05 9.312909063554679849e-11 7.202411125449103833e-08 3.198902381993850175e-03 2.709747534441273172e-06
9.999440451324348444e-01 4.912726305105109228e-11 4.039238172457593426e-09 2.762830609691025304e-08 1.257808796257915461e-05 8.801449937791704661e-07 6.580616086189366401e-09 5.771476864470540635e-07 9.323977077100025030e-06 2.504157672725380776e-07 3.199391598953766843e-05 2.934629226501816370e-07 6.020959830171633905e-09 2.114116024211668452e-09 1.088099043120701836e-08 4.018118631967154170e-10
9.969185286722074268e-01 1.913329676290694028e-08 1.943595008097881867e-06 3.839316403333858168e-06 5.156043970247601601e-05 1.932564559940958297e-04 1.298969721530842838e-07 1.111486837987743070e-03 5.683301713521950486e-04 2.773834949081865051e-04 8.444438776144037352e-04 9.904380208435632200e-07 1.799151463328785278e-05 2.036954685773471934e-06 2.206693314985761247e-07 7.838531881600051189e-06
9.962862585724641118e-01 1.035387919785446800e-07 6.141825911085119737e-05 1.070405550714424335e-03 1.373334393783846820e-03 2.938101536626228422e-05 1.495336208278856538e-06 2.614378192495920929e-05 6.483125883346654459e-04 2.383211081358131537e-04 1.570870454409371278e-05 4.204348746851577928e-05 2.025797297167793653e-04 2.619119135906958095e-06 1.540876407352474345e-06 3.339378920972442139e-07
8.801094806144295069e-01 1.533102835811459933e-05 2.329141771363524337e-04 4.742453645931341694e-02 1.389149382222742111e-02 2.487070972424012486e-03 8.960332764688137624e-05 1.530483965122215149e-02 3.122351426424523069e-02 1.781420590878011087e-05 1.719058912939614076e-04 6.385218611510217693e-04 2.069531426286430495e-05 6.011466809403500391e-06 4.654977596018763453e-04 7.900769183968873316e-03
9.100166872872087476e-01 5.539168505040413808e-05 4.830117759480853949e-05 9.954771031093002584e-03 6.400826706953025719e-03 6.335502949188657161e-03 5.914280676934575726e-04 1.647540319091856872e-02 4.348563247029259976e-02 3.625843266687181005e-06 1.367186446693091422e-03 5.440512803001736552e-05 1.531489703735865223e-05 4.573876098772088702e-07 1.983937861478163832e-04 4.996671945221909696e-03
9.111723560851354708e-01 3.408784403643375885e-06 1.376436159299590269e-05 8.594720438920963514e-04 2.147988192658866570e-05 1.384552394989009734e-02 2.315055636052953687e-04 6.501560399802651033e-03 5.578266795114904253e-02 3.009398654931610381e-06 7.873716747672095465e-03 1.281972549691013123e-04 1.730509681765629756e-06 1.025907633131327372e-07 1.310044486656694769e-03 2.251459990204355936e-03
9.845852331407698443e-01 1.344729474200818802e-06 1.997727885989161801e-05 1.322294364530716276e-02 3.476573012556523503e-05 5.742974797706841393e-05 1.714486705500675888e-05 1.962533372415098572e-03 5.435739565936429561e-05 2.452033369745995693e-06 1.837866982084213212e-05 4.113902179129717354e-07 1.013793377563576787e-05 2.587807169558589096e-06 5.993585974693878416e-07 9.702899405664123120e-06
9.997520222302180848e-01 7.802809015079820985e-09 6.072469361838053992e-08 1.675943689896887505e-06 4.679546260373494958e-05 9.598991075516988085e-06 1.401606536278100891e-08 9.166937057976799579e-06 1.508513990985765028e-04 3.005829406018895008e-06 2.401498638257871873e-05 6.177478636275836379e-08 6.488975942952772747e-08 1.276843407196965350e-07 8.059265726757466297e-09 2.523268747466142847e-06
9.993142188600268039e-01 6.116724700614733331e-10 3.056624030987805129e-08 3.572620425122272996e-07 5.383691943385076565e-04 1.535213142834036666e-05 7.849700620788615803e-08 2.443357664759125762e-05 4.621629554915127313e-05 3.765487319770423098e-06 5.389831726933878961e-05 1.496302815644143058e-06 1.869471821460353207e-07 8.475447686797497525e-08 7.700133501157052301e-08 1.434194649239878602e-06
9.994561959662690009e-01 8.456672558868247254e-08 7.974180178305183552e-07 1.386288073718637700e-04 4.391983342960368891e-06 9.761062957487588385e-06 4.599094674798465129e-07 3.678095952232497456e-05 1.144873730694390737e-04 1.172218943773334915e-06 2.333169440652752686e-04 4.894445819385615955e-07 3.405960610077973859e-07 6.814520658343328832e-08 3.185306857226264166e-08 2.992751328890354031e-06
9.940139907082130577e-01 3.130965556914288406e-10 2.071455838530980872e-09 1.684825384766055993e-08 3.669536218221972462e-08 5.315308247113426435e-03 3.118824280224921644e-06 4.247426541074161063e-04 5.899093054761782031e-06 2.342440202327348020e-09 2.367722854382053822e-04 1.313600211100229622e-09 2.570933861017155216e-10 1.175700912664257199e-12 6.068035601645759115e-08 4.766495884096497213e-08
9.815520145857687950e-01 3.441466267935319073e-05 2.919105630116874441e-04 3.449246935805194399e-04 1.645656062580571916e-03 1.368888223475172097e-02 2.413903943966450334e-05 4.930686471460642107e-04 9.134435678487080532e-04 5.886113226264789884e-06 4.422834154936441226e-04 1.034521373837997997e-05 3.051392255075654531e-06 2.176895017328736075e-07 3.928368594456749546e-06 5.458337503833377317e-04
9.992344867642588557e-01 7.491270591254338401e-10 4.474920134057849923e-07 3.158058022271455711e-06 5.809505949813924449e-06 1.642662788227264520e-05 7.552105061343265677e-08 6.822278503959588233e-04 5.178485665442575858e-05 1.375574181662792642e-07 1.021014086464923157e-06 2.598165700689594636e-09 1.166262395858586286e-06 2.674571018086508269e-08 5.148448553872509827e-10 3.227882023926546209e-06
9.999606132902111311e-01 8.214938667682049916e-09 2.984352646416211081e-08 6.456452174563234008e-06 2.535410969333710849e-06 1.809739951993466888e-05 2.959112509378942663e-07 2.401164826098699745e-06 1.635810324896468376e-06 3.734565599244907439e-07 7.453226309244743071e-06 9.599489284413228190e-09 7.719143970419380142e-09 8.839334462400772958e-09 1.852119865354267445e-08 5.514022236436881876e-08
9.995974605654883716e-01 5.769241155059755631e-09 1.133305618885847770e-07 1.716433923526107107e-05 1.025031371405897687e-04 6.135647625248043214e-05 7.243213799368337819e-08 3.798436431320070160e-05 6.628350807562164305e-05 1.065752850273063990e-05 1.043696657815438450e-04 4.379306339596715718e-07 4.844259951978903433e-09 1.481360561477834256e-06 4.441581098877251355e-08 6.033200282334288610e-08
9.918391677578086707e-01 4.744023845997040567e-08 2.463900356632117357e-08 4.572287516076067399e-05 6.646377632124152689e-03 6.290904924794585149e-07 2.680447019762060174e-07 1.855986501622312976e-04 1.070137409470789202e-04 4.849858695316990368e-04 1.504172403836170305e-04 5.304730958169255470e-07 8.813071672852075493e-08 4.887201853161465450e-08 1.057514135204958431e-06 5.380220294789913845e-04
9.999998674712556879e-01 1.935584120482326908e-12 2.675020161316471202e-10 8.422636170841413890e-11 8.658418799554622796e-09 7.055809151250577968e-09 2.526182060360160198e-11 5.926476544454966110e-08 1.792530668549129526e-08 1.851491615107856743e-09 3.686976715232080377e-08 4.013765531946360844e-11 7.110241622761884262e-12 2.652561092326456279e-12 2.700761252782745491e-11 4.473515804413861785e-10
9.970802146513765285e-01 1.782672848572176647e-10 4.411730717363831891e-08 3.998944470390237934e-06 2.629807693733587134e-03 6.874733177585331082e-08 8.169211765641790685e-10 9.554962737704687187e-06 1.906364539209678391e-04 8.503473265780661530e-05 3.659817248731519022e-08 6.565538455023413242e-09 6.361350109099098191e-09 1.401791745817050745e-09 5.743674729721924436e-08 5.303376755857758053e-07
9.998457032264727040e-01 2.757643445045188457e-11 7.945695843842414884e-09 6.615994253305384085e-08 8.211921012892587737e-06 2.208967547136923361e-06 1.288255830443454514e-09 1.199980964419991201e-04 1.376151893324156813e-05 5.908352271721921333e-06 3.009421889114701000e-06 3.928242132599562935e-07 5.257304324510029727e-07 2.950612250277253470e-08 4.279903134092084660e-08 1.322141610028374779e-07
9.994097419244385438e-01 5.241460561633473287e-10 1.924403983935657153e-08 6.125679961009655946e-09 1.297712251025586614e-05 2.503742952558061445e-05 2.942373326508567579e-07 2.764013469001935737e-05 1.491799986005382689e-06 2.098925122722011601e-08 5.205094320673408353e-04 2.360763552830645472e-09 8.569846051198167515e-09 2.289718723682811485e-09 1.523148163018068891e-06 7.246678411803284903e-07
9.996851946446879689e-01 1.292618471107487014e-08 6.417105503663408268e-08 4.941092748640496230e-08 1.495580299217675849e-07 5.128686602963089183e-06 3.862879344123646198e-07 2.880954018254213953e-06 7.065010499809177545e-06 1.449802972445843094e-09 2.839282575580463113e-04 5.588941502007515647e-10 6.686298462893292623e-09 4.446750728277569068e-11 9.032823486233331539e-08 1.504102480346073335e-05
7.661899903958843128e-01 8.905662237028007563e-08 1.472333818510046959e-07 7.889561287037007389e-06 2.266155808158049345e-01 3.175530347735297862e-06 1.107311456604430146e-08 1.392711090199293599e-03 1.874592266622534826e-03 1.114777476284687643e-03 9.549124146542083027e-05 2.333374170353749415e-05 1.806520127886643639e-06 2.091929482450628985e-06 8.943087409286402846e-08 2.678222636797399601e-03
9.368970302840244901e-01 6.813393124140480788e-08 9.063004086400683096e-05 5.864100560896783575e-05 4.303095310217592423e-02 1.460896722564726470e-05 5.654113485460334349e-08 1.849866279393198171e-02 8.478100490347655082e-05 5.891340072235205566e-04 2.633770791206737571e-06 3.873638708163316292e-06 7.051041373446199608e-04 2.331044514366954355e-05 5.734635850093011456e-08 4.547806297439875828e-07
9.700123814110609421e-01 1.799801646154728671e-07 7.302253437363903060e-06 6.810822145992683911e-07 2.070774851106983727e-02 4.607533654295956527e-07 1.147476790242384306e-06 3.882389590558241611e-03 1.221147719786637963e-03 2.412279244033076111e-03 1.634858794359618332e-03 3.619797702605026823e-07 5.382910886050461789e-05 3.477319895860871032e-07 1.846783952571846249e-07 6.469968414379144862e-05
9.999572211437044444e-01 9.385044765073810934e-12 2.921353367513064704e-10 1.791389433124167390e-08 2.555090833366582896e-05 3.228896069067504869e-06 1.803991737321375339e-09 6.166194153558879755e-06 4.117129282269489049e-08 9.728362340507252152e-09 7.731443120157899574e-06 9.302238115838692385e-10 2.778285927870196755e-10 2.702883222911168126e-10 1.000840365418946820e-09 2.801637646029325614e-08
9.970158442089113171e-01 5.278236343980369528e-09 1.131259984615998684e-08 2.409869841950088665e-06 4.168408522694439936e-06 7.224123166137520020e-04 5.907182151741269138e-07 1.265470719992600626e-04 4.866556287825800009e-06 8.340364347208870026e-06 2.095589456585982262e-03 3.790676824892601811e-07 3.334234976654267244e-08 2.756519698484805520e-08 3.016088678913310019e-07 1.847285374152920882e-05
9.996696141217588094e-01 7.443091257732607331e-11 4.054413593732657404e-09 2.586879579176460238e-08 5.301167344462590905e-05 7.825830669079641120e-05 1.582955484842106509e-07 1.674125693825806170e-05 6.356734185662675034e-07 1.005120963355367408e-08 1.809610570129929503e-04 2.035367653790685116e-08 9.700883995117407345e-10 6.438539290124184026e-11 1.914776889166145025e-07 3.667004984563171640e-07
8.888839973034403652e-01 6.932506952826732881e-07 2.950634774155631450e-09 4.316510955864127046e-06 6.804606784391222578e-06 4.956506213919185380e-04 1.841666347406478707e-06 1.634632580326843612e-04 4.645620751407987634e-04 6.731934840831215498e-06 1.011540702308143524e-01 1.835315421535288571e-06 7.508787603119006256e-07 2.530955262313091136e-07 9.368855140173155237e-07 8.814089415699267321e-03
9.998356298533254138e-01 3.844543976131693163e-10 7.231208296025514584e-10 8.359184113569843087e-10 6.492776188916006173e-05 4.344162683292431795e-05 7.052184432961961955e-10 9.388911974857765315e-07 4.978881013210128480e-07 3.245593430199723370e-07 5.398453176509696613e-05 1.931577367765367080e-08 2.128489210096282122e-09 2.200728299775718647e-09 2.797152605772901772e-09 2.257966898162414504e-07
9.999389433035893449e-01 1.307434896337783376e-10 2.077823753832829590e-09 1.047308509135928741e-08 7.708325213020931498e-07 1.011865128353671288e-05 1.258425439467521051e-08 1.424088796474596694e-05 6.382221491638875017e-07 7.123929827706249435e-08 3.446727893716259352e-05 6.998923093600138980e-09 8.608558289095087085e-09 7.209069257201861417e-10 1.737900594888905538e-09 7.062520608990054821e-07
9.974748926998794341e-01 1.058124365353463441e-07 3.879296822950340343e-07 2.198862712360690342e-04 3.610922567201995466e-04 1.818732475394696740e-04 5.001372683861319212e-06 2.518949683145536409e-06 1.431819177761793377e-04 9.008094701083710080e-06 1.383987161919653618e-03 1.633389979823997377e-07 8.975394616492442217e-08 1.793610105861098342e-06 1.161071866556863549e-04 9.991039603630406300e-05
9.965433622570308847e-01 4.343475491476587252e-07 7.715071001551081361e-05 3.284069631811634073e-04 1.192835515814233645e-05 5.461308721590664612e-04 4.199613533123619755e-07 7.040619236338689603e-07 7.002357728625719887e-05 1.378154172195286816e-05 2.007806141289147537e-05 1.895874873898093513e-06 2.790991839294424060e-09 7.755707925612606176e-07 2.326068406590820620e-03 5.883664795890776499e-05
9.918909623457858871e-01 1.102674242913719189e-03 9.502747002815045720e-08 3.365805589071859793e-03 6.034274534477001320e-05 1.560776617837558288e-03 2.214183852731775511e-05 3.101922218890339860e-06 1.927401245201796611e-03 9.033496415227051639e-06 1.714834667750682006e-05 1.310731866964645694e-05 1.311674993032042507e-08 2.069338185764706847e-05 3.613713527450079281e-06 3.089051730618428726e-06
9.723998379224556565e-01 8.480697305643646820e-07 7.024122903299293864e-10 1.655710124263948648e-05 2.067545459560788529e-02 3.263282231322154600e-05 2.324132107598663419e-06 1.791746469734170424e-05 2.040647525929153723e-05 1.896703547139730406e-06 6.826166255975368337e-03 5.392331176180552679e-08 3.955927192192271091e-08 1.652363060981280486e-08 1.559538309007029865e-08 5.832153053530129645e-06
9.174503865171101946e-01 3.151754273757539341e-06 2.148813109211418018e-08 8.435660111837636798e-04 7.374430346617676102e-02 3.261526381231539228e-03 2.897066478252279151e-07 1.426471412855996627e-05 3.394265380858092393e-04 1.053692581149427972e-05 1.558606249099493506e-04 4.167164506761540828e-03 2.561173631561241695e-08 2.205395269208196654e-06 4.157963104878655050e-06 3.112395437368607472e-06
9.376079085978380467e-01 2.033784845032895190e-08 1.814211308212069297e-09 4.116173650436362784e-07 2.915896042269453090e-04 1.335743266861990264e-04 2.670198585151888383e-06 5.427246468558001824e-05 2.263914578916869231e-05 1.280158766831255655e-06 6.179219708274362455e-02 1.089697183378057773e-07 5.104149950318609225e-07 2.929201265536358475e-08 2.572369268075093431e-07 9.252873760073243765e-05
9.590151954130721190e-01 1.653282245166203094e-06 4.706297929017940503e-08 1.650273502036372142e-06 4.885522477382508061e-05 1.933269561652740584e-04 1.025759591659778573e-05 1.237131511421846506e-05 9.162356175920542646e-04 1.115927230542338248e-05 3.855040177520971389e-02 5.563619640215424477e-07 2.532405968220254124e-06 5.954192687797569044e-08 6.974988014616917031e-06 1.228722913250440999e-03
8.141362712806358148e-01 1.328913959717463629e-02 1.721977092665097527e-07 7.553804978909069157e-03 6.821314623254574503e-06 5.026625661401000434e-04 7.407991738821612668e-05 2.672295749058728558e-06 1.380200694947815486e-03 1.244476606817068493e-04 9.469725444039873985e-02 6.243163524989755152e-05 3.938068083470025239e-07 4.607076707841734379e-05 2.967862939112178333e-05 6.809389821711457624e-02
9.866263618712463046e-01 3.271587718466012422e-10 7.181227540535875914e-12 8.348264285804660401e-11 7.651096090719917281e-03 3.428716384298540599e-06 2.044624562880971136e-10 3.190140107931040137e-03 1.816525294992938321e-04 2.378063933363629037e-05 1.710619525274922328e-04 4.538068820152004468e-08 3.250004790953196391e-09 6.152512139904661339e-10 1.213666990217122544e-09 2.152427010461728431e-03
9.821275525398751594e-01 3.701887071743186464e-11 3.525747103516248061e-09 7.622729490834629998e-09 3.704506219294883581e-06 1.721237702916510085e-06 8.385726654603557113e-12 1.529701704568948474e-02 2.564252263455679953e-03 1.034106582435169022e-08 5.456777489335202251e-06 2.567850351396308410e-07 1.070626853527235405e-08 1.067376514276305782e-10 1.317243287703953898e-09 5.179336379957168203e-09
9.980280623035023835e-01 3.169524605555609535e-09 2.738850535663654774e-10 1.236281757385926393e-07 1.099842532136796071e-05 9.718607531618151502e-05 3.838695992364063498e-07 2.141969024486349319e-05 1.218990946982153673e-05 2.541216844138178100e-07 1.828775257966551481e-03 1.844054159311387835e-09 6.870050183189993335e-09 6.258168687464807090e-11 6.323404425836893435e-08 5.312645795441795407e-07
9.964311412925880296e-01 1.196140221500904550e-07 7.096747918830404137e-07 3.836906843013370924e-05 1.609530848805170540e-03 5.959807721995911316e-04 1.505793193276310382e-09 2.589726253220171488e-04 4.608124316816641073e-04 7.875051806074739730e-06 3.301847794697742298e-04 2.231972208579707036e-04 5.658701661080205673e-07 2.161672157768344535e-06 2.722370896825348334e-06 3.765520101161644800e-05
9.954611054751532073e-01 1.850569332707553136e-06 1.952810096860810896e-07 4.938673532296479441e-04 6.318306550277386470e-04 4.007053024749149131e-04 5.025626701026371584e-08 1.059366193659294497e-06 4.010023888027027276e-05 6.321044932283065093e-05 3.986907999743485300e-04 2.365921967809552547e-03 7.357689394489281430e-08 1.051330401186260569e-04 1.106531331446770658e-05 2.514035499754942624e-05
9.404645213465949727e-01 7.096336297790519004e-08 1.597266350361157752e-07 2.303535958732904495e-05 1.159037435594926146e-03 4.411047562662717713e-04 7.234540308599830657e-07 5.278662202142020421e-02 4.962509856394889396e-03 8.215292342935353389e-06 5.806315242125754386e-05 7.147703381181434441e-05 8.270532651495652358e-07 5.147665779205829348e-06 2.919485867204747175e-06 1.556539662499471622e-05
9.972559117253408933e-01 2.081919798071636615e-10 5.566436484234129619e-09 1.935016965621297992e-08 1.242131024334970938e-05 5.069404709828244723e-05 4.229957745618555246e-09 9.170058614742052376e-05 4.188812062015691149e-05 8.019900818376375144e-06 2.537348224958762589e-03 2.063879162127075105e-08 9.244031353210234844e-08 3.782629622685269556e-10 1.239628599452270744e-06 6.336440492032851264e-07
9.993323902131516778e-01 2.175526565960586182e-12 3.061825292869697671e-12 1.838743676098906616e-12 1.319393326509011062e-07 5.237429071243517029e-06 5.284015585596911596e-11 4.442822552387601126e-06 2.517762948230642109e-06 4.698116018682200408e-08 6.551916462083130516e-04 2.068301561853142656e-10 1.253026546453371462e-10 2.536561887739209210e-13 5.590348405637022608e-09 3.522292416438744220e-08
9.998406511889857962e-01 9.747232337950283807e-10 7.649705947898281504e-10 2.081025696067213280e-08 3.917307250327703071e-06 1.293335291849453787e-04 7.225630341827552850e-10 1.124340980070618701e-07 1.318992614954679069e-05 2.931693352191809078e-09 1.209687506190835667e-05 7.051373907063837699e-08 2.955881609613620491e-09 9.821706805644715246e-11 6.478045651843052702e-08 5.341867680558431581e-07
9.911016271484293094e-01 1.266396625538449905e-04 8.145542979698170911e-08 1.980596080290568405e-04 5.003710761804721924e-04 4.535804375405901620e-04 1.266925733703194851e-06 1.743049347821653982e-06 2.001089968666144723e-05 1.476671595223683788e-06 6.200424946129112075e-03 2.948744284697833337e-07 4.919999283295115869e-04 2.439163576418321713e-07 2.504391410049608936e-05 8.771354861284121800e-04
9.711441442380652767e-01 1.681223411616008947e-06 2.282688295048523227e-05 2.642812392313745318e-02 4.653247109955751105e-05 2.400977682997722067e-04 3.339429716320431424e-05 1.444027602064953464e-04 3.691226953294105798e-04 8.376213758018344709e-06 1.190010873121527361e-03 1.174131030041178742e-06 1.196902772397678820e-06 5.866778948484084164e-06 2.371397381779378303e-05 3.393348668884122376e-04
9.716367838030122162e-01 9.590785741319675724e-07 6.803340542186288849e-07 6.615759661522151646e-04 1.508961680826713739e-02 1.939992352186699701e-03 4.083039373931208660e-06 7.773911001849796948e-05 3.560761417449713213e-03 6.734619795016965845e-05 6.540514654198355954e-03 2.958175247861126542e-04 1.353667600323603908e-07 3.666285173216885594e-06 8.164298684351314504e-05 3.868507519982571601e-05
9.662850646969393109e-01 4.766274470852073149e-06 3.279089046225366294e-07 2.561926638305413867e-02 1.388676602934273401e-03 2.047514875563988777e-03 3.979683200169314507e-06 1.762381289735397022e-05 1.185038744297883844e-04 1.461566306184240043e-04 1.074787751187310930e-03 2.410498091553012364e-04 2.978863729282230115e-07 1.364918109687583356e-03 3.043317155175022734e-05 1.656632529032226776e-03
9.848403911614983519e-01 1.162912782078995229e-04 5.577067069811693607e-08 9.239990420572439730e-04 4.917935612485711903e-04 2.100765586221360289e-05 2.617119122325584010e-08 9.403771708537130123e-05 7.733292486385196396e-05 3.531901077580352145e-07 1.288771799285128722e-02 7.676794886735065995e-08 3.086409816276995690e-06 2.423834606180161736e-06 5.079086925830562501e-06 5.363274350584661034e-04
9.997058929114081005e-01 8.846412564676044338e-12 2.321564643869586097e-10 3.909830954111439841e-08 2.004303477345117349e-04 5.608902569737417666e-06 1.458317576060397970e-10 6.566751043395122163e-06 2.641763812564680520e-07 2.659802378143944016e-07 6.731312265387790991e-05 1.355232250271002487e-05 2.631911285350295706e-08 3.745918087409543081e-09 3.503170935678762386e-08 9.035840848759196983e-10
9.946253224309959950e-01 6.998159214440064976e-09 3.730531132587541510e-07 4.430919594732694611e-05 3.935172643807311084e-03 4.683407924351467222e-04 2.682695853138519876e-08 1.832398053212439814e-05 8.066948804084396723e-04 3.469688544824071018e-05 2.107972156106917774e-05 2.447019015029483014e-05 5.444877372058306180e-06 8.202401081158264319e-06 7.529790024705730610e-06 5.332005139921875621e-09
9.964856534578436786e-01 1.685065589191507257e-14 3.434825558303012233e-11 8.770499709744815535e-08 3.501891852841304553e-03 2.101065165974203129e-07 4.219113511338467436e-14 3.565321434513565836e-06 7.416419137522821041e-06 1.781074043357808582e-07 7.042322529023972079e-07 2.857851974870235772e-07 5.967059389273154577e-09 1.579677194793604513e-10 8.342545081932397625e-10 1.868563546449800887e-11
9.107025790470300031e-01 5.263872832056373465e-07 4.356926444997940711e-05 8.447622408407480521e-02 2.576992471805208368e-05 1.805418359870800951e-03 6.470906549270508542e-06 5.811674811205734121e-06 2.312851953980073368e-04 1.029435165233735534e-03 6.720338236230318479e-06 8.873566995236067435e-04 1.082288895589605527e-07 1.254033411239038996e-06 5.921323943032661601e-05 7.182574510900238728e-04
9.971108141028857119e-01 4.768141443101147102e-09 1.297546023212090110e-06 2.505614583202877025e-05 1.983360068346431797e-03 2.582817948648419315e-04 7.441644763515051721e-08 2.681200100183783264e-04 8.218947382339418474e-05 2.023913083597983151e-04 3.041831165644222037e-06 4.322938745899686193e-05 3.193388617023730365e-06 1.844744583199211412e-05 4.938667960702516278e-07 4.445387530995660810e-09
9.939702758369103330e-01 4.247744749172408403e-10 3.234701830282378876e-09 8.291712872775519868e-08 3.958815608198925869e-04 2.049242435380886130e-04 2.005445709097820219e-09 5.267289281032497272e-03 4.487643921249645263e-05 4.067156451436630720e-05 7.434752914998889303e-05 4.007755351990551470e-07 1.813867660003960472e-07 9.230335007522995827e-07 1.327946383998333028e-07 6.972331207390768634e-09
9.502643833493431558e-01 2.769827656649842395e-07 9.682127059293216994e-07 8.023759008861152675e-06 3.086220893241242713e-02 8.613323525655652496e-06 2.508397919167755891e-06 1.789679192998979611e-04 2.874235527092593241e-05 5.964619731655278380e-05 1.822386479698401285e-02 1.343624587160736694e-05 1.324734615783275653e-04 1.995364439664489145e-06 1.402030398721639490e-06 2.124886711595543271e-04
9.801668750178124112e-01 1.050455978522025895e-06 3.870045411088811961e-05 2.106171890599614521e-05 1.167486961821345356e-02 3.456938823226539430e-05 2.172771964341925308e-06 7.386278996089543612e-05 8.677619028063694728e-04 2.364479801949121292e-05 6.819086134321088351e-03 5.207955436570965583e-05 1.580076750379059915e-04 2.226563436319238166e-06 3.696536116167044458e-05 2.706579567271044008e-05
9.989115775793301344e-01 1.674518476950281577e-10 1.864601670519404869e-06 1.528318490723775722e-07 8.839268391061447499e-04 1.266245516482904693e-05 9.789080268962858567e-08 5.926382093457030889e-06 6.468588110290936482e-05 2.513300544945289617e-07 2.479708735639293225e-06 1.149685184657172319e-04 7.873458363939420822e-08 1.513370480711633830e-07 1.138531529297606196e-06 3.721101156438648505e-08
9.589942713479895353e-01 3.055660331451029899e-04 5.590222564045552639e-05 2.277512391350552598e-02 1.700436251043268470e-03 2.468649673238886792e-03 2.808741195934603193e-03 1.659385568462703163e-05 9.838301368109121994e-04 6.705569484890473025e-03 2.665941235584988814e-03 1.074973707270228728e-05 8.245007488452618987e-08 1.516383925670113287e-05 4.568093126590811034e-04 3.656930746813174692e-05
8.330670531845886240e-01 2.359121456177831079e-06 3.089902523934897575e-06 7.729767454983450456e-03 5.370904056657634009e-04 4.951827923787387441e-05 1.064492195405812813e-04 6.334391459722331390e-06 1.003477735909298618e-01 8.439338543741159145e-05 5.803211064327406382e-02 2.412051091302248344e-06 6.068914030585391141e-06 2.204070143419386346e-06 9.656860317112656833e-06 1.371852531994413180e-05
9.033007401571695461e-01 8.730483172849290543e-08 6.644716478163338651e-08 2.400198659712621252e-02 6.256893725090982399e-03 3.272187586156647711e-03 2.342208467248300789e-05 1.098419339130954657e-05 5.290350194476732413e-05 1.311711823740928900e-05 6.295791625581918793e-02 6.136168153412159242e-06 1.502615481526496116e-08 2.609130622144968469e-05 6.912196260927320720e-06 7.054033160429548090e-05
9.878066356233935474e-01 1.674721703551299957e-06 1.100514598658321823e-05 9.891243810867886971e-05 4.508337579870275126e-04 1.582321599709421694e-03 5.323764384420647043e-05 1.258851161222974586e-05 3.402439770238044076e-03 9.160016137374557075e-06 2.881109573276406473e-05 1.794233687557681649e-06 3.246080850208460314e-08 2.382590820513662179e-07 3.585922495736273199e-05 6.504455497010995860e-03
9.546731773918367692e-01 7.908128042966163992e-05 4.118735486446269715e-06 8.169654589354310298e-03 8.385657612550564879e-04 1.259302552091159065e-02 6.258270569517701467e-04 4.518925385226714424e-06 2.794626161885807418e-03 2.721602968499661269e-05 6.506226143305284025e-05 9.997238804854346398e-05 4.574234073136344097e-08 5.197277328631303937e-06 2.302689077338744474e-04 1.978964196993360236e-02
9.415129238652288901e-01 2.855676110819684727e-03 4.107806393880579011e-05 5.074049845106854036e-03 8.721779626836722102e-03 2.655804041745408670e-03 6.588754377012740956e-03 1.069530329760119127e-03 2.780005008648841081e-03 7.734070701112604829e-04 1.699579546562245830e-02 4.637774813130162918e-03 1.980969454453235744e-04 6.798695890409548392e-04 2.050672717879477996e-04 5.210387575763801571e-03
9.961494281535753226e-01 2.564133705528000865e-06 7.373703779412028234e-07 7.352390556615364140e-04 1.251759565204333931e-03 1.397318590370183662e-04 4.756042376874859945e-06 1.081848241999956668e-04 1.279082717859371084e-03 1.774369936784599107e-06 2.390587298218226867e-04 4.475140976695515829e-06 1.150938817642813891e-06 7.700028700773510169e-07 6.026849545248013883e-06 7.526024603381018137e-05
8.842024049713201883e-01 2.273359222469297512e-08 6.258689093822609547e-09 8.431031879065170197e-08 3.230596454599324080e-04 1.174026144466857874e-05 4.013680279501705143e-08 2.027755261042838043e-05 3.571697535381141038e-05 1.295584770219655287e-06 1.153952790664989486e-01 5.203818502303517143e-07 5.546853673944575751e-06 8.358067138040477315e-09 3.566125092432227951e-08 3.961248296663194760e-06
9.998861032718644459e-01 1.450792735574185142e-09 8.467665178620377318e-10 3.019941113283354374e-07 7.834345217729977268e-05 2.926071367843262284e-05 2.631630703023354839e-06 1.637659742413362539e-07 1.929631857767849304e-06 1.531060736557923049e-07 3.662594716947467586e-08 8.812977760692994871e-07 1.025375939672259144e-11 1.150006478899580907e-08 1.316493577484925631e-07 4.905260099145483163e-08
